1.140000000000000036e+01 1.350877192982456165e+01 3.403508771929824661e+01 8.596491228070174628e+00 8.596491228070174628e+00 0.000000000000000000e+00 5.245614035087719884e+01 0.000000000000000000e+00 1.342105263157894690e+01
1.259999999999999964e+01 1.746031746031746046e+00 1.888888888888888928e+01 4.722222222222222854e+01 1.785714285714285765e+01 5.714285714285714413e+00 7.936507936507936734e+01 4.206349206349206504e+00 2.380952380952380931e+00
5.150000000000000355e+00 2.660194174757281615e+01 9.126213592233009209e+00 2.135922330097087318e+00 2.135922330097087318e+00 0.000000000000000000e+00 6.427184466019416220e+01 5.242718446601942084e+00 4.854368932038834572e+00
1.294999999999999929e+01 4.787644787644787847e+00 1.513513513513513686e+01 1.505791505791505891e+01 3.397683397683397999e+00 3.397683397683397999e+00 8.007722007722007618e+01 7.181467181467182215e+00 3.799227799227799807e+01
1.305000000000000071e+01 4.674329501915708285e+00 4.827586206896551602e+00 3.363984674329501701e+01 1.417624521072796995e+01 1.363984674329502056e+01 9.049808429118773745e+01 7.969348659003832047e+00 1.739463601532566983e+01
9.010000000000001563e+00 1.220865704772474913e+00 2.108768035516093153e+00 7.103218645948943788e+01 2.108768035516092709e+01 3.928967813540509724e+01 9.667036625971142882e+01 5.216426193118754995e+00 1.886792452830188704e+00
1.842999999999999972e+01 7.596310363537711607e-01 9.875203472599023868e+00 5.968529571351057683e+01 2.821486706456863658e+01 2.137818773738469957e+01 8.936516549104720752e+01 8.572978838849703465e+00 1.172002170374389607e+01
1.637000000000000099e+01 4.031765424557116617e+00 1.814294441050702389e+01 5.064141722663407563e+01 1.490531459987782448e+01 2.327428222357971777e+01 7.782529016493585061e+01 5.620036652412950140e+00 1.007941356139279065e+01
1.539000000000000057e+01 5.847953216374268681e-01 1.000649772579597041e+01 6.939571150097465591e+01 3.963612735542559662e+00 4.723846653671214568e+01 8.940870695256660383e+01 4.158544509421702173e+00 9.421702404158544653e+00
1.451999999999999957e+01 5.509641873278237068e-01 1.308539944903581276e+00 7.052341597796143446e+01 2.114325068870523339e+01 2.761707988980716166e+01 9.814049586776859257e+01 9.435261707988981783e+00 9.848484848484847731e+00
1.728999999999999915e+01 2.660497397339502967e+00 4.164256795835743041e+00 7.310584152689416726e+01 2.834008097165991913e+01 3.267784846732215698e+01 9.317524580682476198e+01 3.817235396182764973e+00 4.626951995373048687e-01
1.087000000000000099e+01 0.000000000000000000e+00 1.435142594296228147e+01 4.967801287948481814e+01 1.131554737810487410e+01 2.180312787488500348e+01 8.564857405703772031e+01 9.015639374425020947e+00 6.991720331186751736e+00
1.467000000000000171e+01 4.294478527607361151e+00 1.417859577368779611e+01 2.992501704158145159e+01 1.240627130197682249e+01 7.498295841854123012e+00 8.152692569870482941e+01 1.813224267211997187e+01 1.942740286298568364e+01
9.699999999999999734e-01 0.000000000000000000e+00 6.907216494845361865e+01 0.000000000000000000e+00 0.000000000000000000e+00 0.000000000000000000e+00 3.092783505154639201e+01 1.443298969072165150e+01 1.237113402061855716e+01
8.199999999999999289e+00 3.170731707317073322e+00 8.536585365853659013e+00 3.963414634146341342e+01 3.658536585365854132e-01 2.987804878048780921e+01 8.829268292682928632e+01 1.463414634146341653e+00 1.402439024390243993e+01
1.630999999999999872e+01 1.845493562231759910e+01 2.697731453096260168e+00 3.776824034334764235e+01 1.508277130594727389e+01 1.741263028816677050e+01 7.884733292458614073e+01 6.376456161863887750e+00 7.541385652973636944e+00
1.816000000000000014e+01 4.405286343612335176e-01 1.371145374449339371e+01 3.617841409691629906e+01 2.109030837004405257e+01 2.918502202643171728e+00 8.584801762114537382e+01 1.817180616740088084e+01 2.109030837004405257e+01
9.169999999999999929e+00 0.000000000000000000e+00 5.452562704471100830e+01 1.264994547437295402e+01 5.779716466739367675e+00 1.090512540894220228e+00 4.547437295528898460e+01 3.598691384950927219e+00 1.624863685932388080e+01
1.662999999999999901e+01 1.443174984966927310e+00 2.086590499098015883e+01 5.850871918220084922e+01 3.199037883343355659e+01 2.321106434155141329e+01 7.769092002405292874e+01 4.209260372820204488e+00 1.070354780517137705e+01
1.698000000000000043e+01 0.000000000000000000e+00 0.000000000000000000e+00 5.553592461719669870e+01 6.124852767962308597e+00 3.374558303886925614e+01 1.000000000000000000e+02 1.843345111896348243e+01 1.501766784452296655e+01
1.250000000000000000e+01 4.799999999999999822e+00 2.879999999999999893e+00 3.728000000000000114e+01 7.919999999999999041e+00 5.759999999999999787e+00 9.231999999999999318e+01 2.399999999999999911e-01 2.255999999999999872e+01
1.682999999999999829e+01 2.376708259061200423e-01 6.535947712418301858e-01 3.689839572192513373e+01 6.476530005941771861e+00 1.188354129530600289e+01 9.910873440285206470e+01 0.000000000000000000e+00 2.240047534165181631e+01
1.830000000000000071e+01 2.021857923497267784e+00 6.393442622950819221e+00 5.464480874316939207e+01 2.273224043715846676e+01 1.387978142076502763e+01 9.158469945355192010e+01 8.633879781420764843e+00 8.196721311475409166e+00
7.650000000000000355e+00 7.843137254901960675e-01 5.751633986928104569e+00 1.816993464052287166e+01 0.000000000000000000e+00 1.359477124183006502e+01 9.346405228758169415e+01 1.986928104575163445e+01 4.313725490196078027e+01
1.215000000000000036e+01 5.432098765432098908e+00 1.489711934156378526e+01 4.847736625514402675e+01 2.181069958847736245e+01 2.000000000000000000e+01 7.967078189300410429e+01 2.139917695473251058e+00 6.255144032921810648e+00
1.419000000000000128e+01 5.990133897110641037e+00 1.902748414376321362e+00 5.849189570119802539e+01 0.000000000000000000e+00 5.433403805496828198e+01 9.210711768851302850e+01 2.466525722339675486e+00 7.188160676532769244e+00
1.421000000000000085e+01 1.970443349753694617e+00 2.463054187192117883e+00 5.805770584095707676e+01 1.907107670654468379e+01 2.061928219563687747e+01 9.556650246305417795e+01 6.192821956368754321e+00 1.463757916959887417e+01
1.882000000000000028e+01 2.869287991498405965e+00 4.835281615302869263e+00 3.841657810839532772e+01 2.348565356004250759e+01 7.863974495217853189e+00 9.229543039319872832e+01 5.632306057385759956e+00 1.137088204038257189e+01
1.501000000000000156e+01 8.660892738174549299e-01 1.445702864756828454e+01 4.670219853431045465e+01 1.019320453031312468e+01 9.393737508327779651e+00 8.467688207861425553e+01 6.595602931379080047e+00 6.995336442371752561e+00
1.971999999999999886e+01 9.634888438133873967e-01 2.941176470588235059e+00 5.811359026369169101e+01 1.551724137931034520e+01 2.951318458417850366e+01 9.609533468559837388e+01 1.085192697768762926e+01 8.367139959432048357e+00
1.113000000000000078e+01 2.066486972147349555e+00 2.156334231805929758e+00 4.348607367475291596e+01 1.159029649595687239e+01 1.257861635220125507e+01 9.577717879604671225e+01 1.599281221922731255e+01 7.367475292003593523e+00
8.139999999999998792e+00 1.068796068796068965e+01 0.000000000000000000e+00 1.560196560196560256e+01 0.000000000000000000e+00 2.457002457002457341e-01 8.931203931203931745e+01 1.719901719901720138e+00 1.658476658476658727e+01
1.664999999999999858e+01 0.000000000000000000e+00 1.987987987987988348e+01 4.336336336336336927e+01 7.027027027027027195e+00 2.042042042042042027e+01 8.012012012012013429e+01 4.624624624624624758e+00 1.777777777777777857e+01
1.835000000000000142e+01 5.558583106267029450e+00 1.237057220708446792e+01 4.168937329700272443e+01 1.956403269754768104e+01 1.558583106267029628e+01 8.207084468664849908e+01 1.716621253405994452e+01 2.833787465940054151e+00
1.607000000000000028e+01 3.422526446795270960e+00 7.965152457996266477e+00 5.308027380211574098e+01 8.400746733042938175e+00 1.300560049782202832e+01 8.861232109520845768e+01 5.102675793403857796e+00 1.032980709396390750e+01
1.509999999999999964e+01 1.390728476821192050e+00 2.119205298013245198e+01 4.238410596026490396e+01 2.417218543046357837e+01 4.701986754966887005e+00 7.741721854304634576e+01 9.867549668874172397e+00 9.867549668874172397e+00
1.523000000000000043e+01 2.626395272488509236e-01 3.939592908732764132e-01 6.736703873933026898e+01 1.286933683519369609e+01 1.910702560735390776e+01 9.934340118187787994e+01 8.010505581089953253e+00 6.697307944845699801e+00
1.794999999999999929e+01 2.785515320334262523e-01 8.356545961002785461e+00 5.693593314763232627e+01 2.401114206128133333e+01 4.623955431754875001e+00 9.136490250696378723e+01 3.621169916434540337e+00 1.515320334261838475e+01
9.459999999999999076e+00 3.594080338266385066e+00 1.797040169133192533e+00 5.021141649048625766e+01 7.610993657505285448e+00 1.321353065539112315e+01 9.460887949260042262e+01 1.797040169133192533e+00 1.849894291754756992e+01
1.701000000000000156e+01 0.000000000000000000e+00 1.234567901234567877e+01 4.967666078777189398e+01 3.474426807760141145e+01 4.820693709582597464e+00 8.765432098765431590e+01 1.258083480305702473e+01 8.289241622574953894e+00
