2.950000000000000178e+00 3.762711864406779938e+01 3.491525423728813138e+01 9.491525423728813138e+00 0.000000000000000000e+00 0.000000000000000000e+00 2.745762711864406924e+01 0.000000000000000000e+00 0.000000000000000000e+00
1.268999999999999950e+01 7.092198581560283932e-01 2.206461780929866556e+00 0.000000000000000000e+00 0.000000000000000000e+00 0.000000000000000000e+00 9.708431836091411071e+01 1.095350669818754774e+01 1.237194641449960741e+01
1.823000000000000043e+01 4.498080087767415414e+00 4.388370817334064533e+00 5.655512890839275997e+01 2.687877125617114515e+01 1.892484914975315391e+01 9.111354909489851650e+01 7.899067471201314916e+00 0.000000000000000000e+00
8.609999999999999432e+00 1.788617886178862193e+01 9.407665505226482594e+00 3.914053426248548817e+01 3.914053426248548817e+01 0.000000000000000000e+00 7.270615563298490258e+01 2.322880371660859533e-01 1.265969802555168577e+01
1.300999999999999979e+01 2.459646425826287341e+00 3.858570330514988456e+01 2.413528055342044709e+01 1.245196003074558178e+01 6.072252113758647596e+00 5.895465026902382277e+01 1.437355880092236760e+01 1.252882398155264987e+01
1.907999999999999829e+01 9.014675052410900946e+00 2.327044025157233165e+01 1.960167714884696366e+01 7.127882599580713574e+00 2.987421383647798745e+00 6.771488469601678162e+01 1.042976939203354370e+01 1.661425576519916092e+01
1.617999999999999972e+01 3.090234857849196715e-01 1.761433868974041772e+01 4.283065512978986078e+01 1.396786155747836666e+01 2.181705809641532667e+01 8.207663782447465906e+01 4.140914709517923953e+00 1.112484548825710817e+01
1.819999999999999929e+01 2.857142857142857206e+00 2.478021978021978100e+01 3.351648351648351110e+01 1.054945054945054927e+01 1.708791208791208760e+01 7.236263736263735780e+01 7.142857142857144126e+00 9.285714285714286476e+00
1.756000000000000227e+01 1.195899772209567002e+00 2.915717539863325669e+01 5.523917995444191043e+00 0.000000000000000000e+00 3.701594533029612499e+00 6.964692482915715743e+01 1.093394077448746948e+01 1.275626423690204803e+01
1.962000000000000099e+01 0.000000000000000000e+00 0.000000000000000000e+00 1.044852191641182415e+01 2.752293577981651751e+00 4.841997961264015160e+00 1.000000000000000000e+02 4.928644240570845625e+01 2.257900101936798976e+01
1.549000000000000021e+01 4.325371207230471526e+00 1.665590703679793450e+01 3.763718528082634407e+01 1.743060038734667572e+01 8.715300193673337859e+00 7.901872175597159753e+01 1.465461588121368663e+01 1.110393802453195633e+01
9.320000000000000284e+00 1.555793991416308764e+01 2.038626609442060200e+00 4.431330472103003615e+01 1.137339055793991527e+01 1.856223175965665106e+01 8.240343347639485216e+01 1.502145922746781270e+00 1.373390557939914203e+01
1.785999999999999943e+01 9.686450167973124081e+00 0.000000000000000000e+00 2.144456886898096570e+01 1.069428891377379642e+01 3.079507278835386774e+00 9.031354983202687947e+01 8.342665173572228809e+00 3.538633818589025992e+01
1.406000000000000050e+01 1.991465149359886055e+00 9.317211948790896869e+00 5.803698435277382117e+01 9.459459459459459651e+00 1.699857752489331730e+01 8.869132290184921885e+01 1.564722617354196155e+00 4.196301564722617172e+00
2.009999999999999787e+01 0.000000000000000000e+00 5.174129353233831274e+00 5.820895522388060073e+01 1.398009950248756361e+01 4.104477611940298942e+01 9.482587064676617672e+01 2.597014925373134631e+01 7.114427860696517669e+00
1.751000000000000156e+01 9.765848086807537243e+00 6.681896059394630605e+00 2.427184466019417286e+01 2.569960022844088865e+00 1.427755568246716145e+01 8.355225585379783126e+01 1.284980011422044477e+01 1.067961165048543570e+01
8.870000000000000995e+00 2.119503945885005436e+01 1.600901916572716743e+01 5.975197294250281566e+00 0.000000000000000000e+00 2.367531003382186583e+00 6.279594137542277110e+01 4.847801578354001606e+00 1.691093573844419051e+00
1.474000000000000021e+01 7.937584803256444665e+00 1.126187245590230823e+01 3.887381275440976935e+01 6.919945725915875201e+00 2.109905020352781335e+01 8.080054274084125154e+01 1.743554952510176292e+01 3.256445047489823441e+00
